2
40
49
1111111111111111111111111111111111111111111111111
1S11111111111111111111111111111111111111111111111
1111111111111111111111111111111111111111111111111
1111111111111111111111111111111111111111111111111
1111111111111111111111111111111111111111111111111
1111111111111111111111111111111111111111111111111
1111111111111111111111111111111111111111111111111
1111111111111111111111111111111111111111111111111
1111111111111111111111111111111111111111111111111
1111111111111111111111111111111111111111111111111
1111111111111111111111111111111111111111111111111
1111111111111111111111111111111111111111111111111
1111111111111111111111111111111111111111111111111
1111111111111111111111111111111111111111111111111
1111111111111111111111111111111111111111111111111
1111111111111111111111111111111111111111111111111
1111111111111111111111111111111111111111111111111
1111111111111111111111111111111111111111111111111
1111111111111111111111111111111111111111111111111
1111111111111111111111111111111111111111111111111
1111111111111111111111111111111111111111111111111
1111111111111111111111111111111111111111111111111
1111111111111111111111111111111111111111111111111
1111111111111111111111111111111111111111111111111
1111111111111111111111111111111111111111111111111
1111111111111111111111111111111111111111111111111
1111111111111111111111111111111111111111111111111
1111111111111111111111111111111111111111111111111
1111111111111111111111111111111111111111111111111
1111111111111111111111111111111111111111111111111
1111111111111111111111111111111111111111111111111
1111111111111111111111111111111111111111111111111
1111111111111111111111111111111111111111111111111
1111111111111111111111111111111111111111111111111
1111111111111111111111111111111111111111111111111
1111111111111111111111111111111111111111111111111
1111111111111111111111111111111111111111111111111
1111111111111111111111111111111111111111111111111
11111111111111111111111111111111111111111111111G1
1111111111111111111111111111111111111111111111111